12
23
34
45
12
23
34
35
12
13
14
15
123
15
34
12
13
23
123
15
34
123
34
45
12
13
23
123
34
45
123
34
35
12
13
23
123
34
35
12
23
34
45
15
12
23
34
14
45
124
234
45
23
24
12
34
14
124
234
45
12
14
124
234
45
123
345
23
45
12
34
13
35
123
345
23
12
13
123
345
123
134
45
23
12
34
13
14
123
134
45
23
12
123
134
45
34
14
123
134
45
12
23
34
45
14
25
145
12
23
34
45
14
15
145
12
23
34
123
134
135
23
12
34
15
13
35
14
123
134
135
23
12
34
14
123
134
135
23
12
123
134
135
1234
24
12
34
14
23
13
15
1234
134
24
12
23
15
1234
124
134
23
15
1234
123
124
134
15
1234
234
12
14
13
15
1234
234
134
12
15
1234
234
124
134
15
1234
234
123
124
134
15
1234
15
123
134
145
23
45
12
34
15
13
14
123
134
145
23
12
34
13
123
134
145
23
45
12
15
123
134
145
23
12
123
134
145
34
123
134
145
123
134
25
45
23
12
34
13
14
123
134
25
45
23
12
123
134
25
45
1345
123
12
34
15
14
23
45
13
35
1345
123
34
15
14
45
35
1345
135
123
12
34
14
23
45
1345
135
123
34
14
45
1345
134
135
123
12
23
45
1345
134
135
123
45
1345
145
123
12
34
23
13
35
1345
145
123
34
35
1345
145
135
123
12
34
23
1345
145
135
123
34
1345
145
134
135
123
12
23
1345
145
134
135
123
1345
345
145
123
12
23
13
1345
345
145
123
1345
345
145
135
123
12
23
1345
345
145
135
123
1345
345
145
134
135
123
12
23
1345
345
145
134
135
123
1345
123
12
23
1345
123
125
235
345
145
12
34
15
14
23
45
25
35
125
235
345
145
12
34
23
25
35
125
235
345
145
12
23
25
125
235
345
145
12
34
125
235
345
145
12
125
235
345
145
1234
1345
24
12
34
15
14
23
45
13
35
1234
1345
124
34
15
23
45
13
35
1234
1345
145
124
34
23
13
35
1234
1345
234
124
15
45
13
35
1234
1345
234
145
12
13
35
1234
1345
234
145
124
13
35
1234
1345
345
234
145
124
13
1234
1345
134
24
12
15
23
45
35
1234
1345
134
124
15
23
45
35
1234
1345
134
145
124
23
35
1234
1345
134
234
124
15
45
35
1234
1345
134
234
145
12
35
1234
1345
134
234
145
124
35
1234
1345
134
345
234
145
124
1234
1345
123
234
124
15
45
35
1234
1345
123
234
145
35
1234
1345
123
234
145
124
35
1234
1345
123
345
145
124
1234
1345
123
345
234
145
124
1234
1345
123
134
234
124
15
45
35
1234
1345
123
134
234
145
35
1234
1345
123
134
234
145
124
35
1234
1345
123
134
345
145
124
1234
1345
123
134
345
234
145
124
1234
1345
135
123
345
234
145
124
1234
1345
135
123
134
345
234
145
124
1234
1345
24
12
23
1234
1345
124
23
1234
1345
234
124
1234
1345
123
234
124
1234
1345
12345
12
13
14
15
23
24
25
34
35
45
12345
345
12
13
14
15
23
24
25
12345
245
345
12
13
14
15
23
12345
235
245
345
12
13
14
15
12345
234
235
245
345
12
13
14
15
12345
145
245
345
12
13
23
12345
145
235
12
13
24
34
12345
145
235
345
12
13
24
12345
145
235
245
345
12
13
12345
145
234
235
12
13
12345
145
234
235
345
12
13
12345
145
234
235
245
345
12
13
12345
135
145
235
245
12
34
12345
135
145
235
245
345
12
12345
135
145
234
245
12
12345
135
145
234
245
345
12
12345
135
145
234
235
245
12
12345
135
145
234
235
245
345
12
12345
134
135
145
234
235
245
12
12345
134
135
145
234
235
245
345
12
12345
125
135
145
235
245
345
12345
125
135
145
234
12345
125
135
145
234
345
12345
125
135
145
234
245
345
12345
125
135
145
234
235
245
345
12345
125
134
234
235
245
345
12345
125
134
145
234
235
12345
125
134
145
234
235
345
12345
125
134
145
234
235
245
345
12345
125
134
135
145
234
235
245
12345
125
134
135
145
234
235
245
345
12345
124
125
134
135
234
235
245
345
12345
124
125
134
135
145
234
235
245
345
12345
123
124
125
134
135
145
234
235
245
345
12345
2345
12
13
14
15
12345
2345
145
12
13
12345
2345
135
145
12
12345
2345
134
135
145
12
12345
2345
125
135
145
12345
2345
125
134
12345
2345
125
134
145
12345
2345
125
134
135
145
12345
2345
124
125
134
135
12345
2345
124
125
134
135
145
12345
2345
123
124
125
134
135
145
12345
1345
2345
12
12345
1345
2345
125
12345
1345
2345
124
125
12345
1345
2345
123
124
125
12345
1245
1345
2345
12345
1245
1345
2345
123
12345
1235
1245
1345
2345
12345
1234
1235
1245
1345
2345
12345
